107
118
143
257
457
478
485
494
537
545
658
696
734
861
871
922
1360
1562
1591
1721
1729
1743
1972
2025
2108
2339
2386
2723
2952
3049
3064
3242
3303
3450
3517
3803
4070
4090
4130
4159
4180
4318
4516
4532
4749
4758
4801
4845
4924
4945
5213
5470
5766
5797
5927
6086
6151
6197
6257
6315
6348
6363
6477
6644
6714
6777
6811
7015
7041
7143
7145
7240
7337
7345
7527
7548
7687
7825
7902
7932
8147
8191
8306
8328
8371
8459
8647
8717
8731
8741
8856
8963
9057
9076
9174
9178
9407
9728
9749
9761
10004
10134
10143
10229
10243
10272
10520
10814
10861
10872
11042
11335
11523
11529
11579
11691
11719
11743
11904
11970
12141
12156
12305
12313
12484
12488
12565
12586
12665
12734
12858
12881
12897
12988
13071
13103
13145
13236
13248
13486
13787
13946
14168
14183
14313
14448
14570
14610
14701
14765
14849
14895
15107
15145
15211
15213
15316
15379
15540
15547
15613
15684
15905
16036
16319
16418
16739
16815
16890
16894
17154
17447
17566
17682
17787
17825
17847
17861
17897
17985
18117
18375
18384
18549
18648
18658
18691
18780
18814
18932
19038
19057
19281
19441
19619
19625
19715
19802
19842
19877
19902
20088
20146
20148
20201
20254
20387
20401
20457
20471
20479
20500
20511
20588
20637
20686
20720
20839
21067
21246
21262
21290
21292
21525
21555
21655
21661
21792
21828
21975
22013
22083
22141
22185
22199
22347
22420
22699
22759
22765
22812
22934
22986
22987
23253
23384
23435
23534
23601
23656
23698
23878
23922
23988
24035
24262
24429
24453
24545
24635
24659
24663
24698
24829
24920
24931
24945
24960
24970
25055
25272
25441
25639
25673
25731
25962
26007
26163
26212
26510
26625
26784
26911
27058
27317
27328
27333
27554
27588
27682
28152
28195
28361
28415
28581
28609
28747
29068
29069
29175
29255
29303
29381
29491
29505
29726
29989
30041
30071
30129
30132
30242
30286
30325
30457
30598
30612
30829
30942
31310
31321
31383
31455
31474
31553
31580
32100
32195
32298
32329
32348
32451
32496
32695
33016
33103
33156
33253
33462
33465
33480
33596
33599
33711
33888
33905
34099
34345
34373
34533
35131
35142
35232
35238
35245
35258
35549
35680
35822
35991
36139
36367
36382
36411
36443
36498
36557
36559
36578
36651
36654
36667
36700
36701
36763
37010
37044
37532
37559
37563
37629
37710
37878
37918
37949
37962
37974
38248
38258
38385
38615
38620
38769
38781
38787
38918
38931
38934
38943
39116
39158
39283
39315
39380
39471
39891
39906
40144
40213
40266
40355
40432
40515
40548
40603
40703
40761
40872
41003
41313
41423
41481
41636
41932
42082
42213
42380
42387
42417
42731
42971
43061
43246
43272
43318
43503
43546
43731
43734
43773
44138
44295
44319
44438
44681
45031
45055
45220
45357
45407
45435
45511
45554
45675
45754
45814
45862
45954
46123
46139
46451
46663
46679
46749
46914
47017
47205
47277
47308
47355
47398
47545
47655
47665
47877
47915
47927
48305
48411
48467
48519
48521
48560
48606
48900
49060
49070
49201
49205
49228
49472
49502
49529
49595
49637
49657
49675
49716
49790
49842
49871
49882
50041
50148
50153
50220
50408
50487
50525
50931
51088
51390
51462
51475
51481
51490
51758
51907
52035
52062
52167
52246
52259
52283
52320
52387
52415
52623
52642
52647
52729
52821
52832
52939
53110
53130
53353
53358
53612
53662
53755
53847
53978
54208
54296
54436
54447
54480
54565
54611
54679
54732
54744
54755
54838
54928
54957
55040
55192
55235
55243
55279
55531
55601
55636
55652
55755
56014
56029
56053
56337
56532
56558
56628
56760
56819
56956
57002
57099
57175
57365
57439
57550
57644
57653
57861
57961
58183
58342
58429
58453
58840
58847
58908
59010
59094
59167
59629
59707
60236
60276
60356
60434
60471
60560
60944
61455
61552
61563
61954
62244
62262
62280
62296
62339
62351
62659
62675
62807
62897
62973
63047
63164
63171
63426
63444
63728
63770
63772
63800
63889
63915
64081
64122
64137
64181
64326
64333
64469
64630
64688
64712
64722
64934
64999
65105
65140
65336
65390
65473
65510
65932
65953
66049
66308
66315
66340
66405
66488
66518
66575
66601
66686
66781
66840
66845
66932
67017
67034
67154
67166
67197
67298
67308
67323
67551
67600
67661
67673
67818
67835
68034
68088
68235
68271
68388
68541
68587
68721
68757
68798
68799
68900
68904
68942
68999
69127
69323
69325
69540
69575
69992
70119
70159
70179
70496
70523
70543
70627
70684
70758
70812
70980
71042
71216
71320
71398
71415
71506
71895
71914
71928
71959
72425
72578
72645
73135
73139
73240
73398
73565
73635
73786
73890
74160
74166
74223
74313
74359
74426
74492
74509
74629
74850
75005
75102
75108
75198
75356
75693
75749
75893
76098
76260
76300
76355
76810
76878
76986
77163
77170
77265
77311
77540
77607
77610
77885
77903
78102
78124
78229
78327
78341
78399
78433
78670
78678
78681
78761
78862
78959
79040
79068
79242
79380
79489
79497
79713
80101
80186
80278
80288
80356
80359
80671
80695
80697
80787
80791
80844
80886
81050
81448
81578
81835
81845
81941
81966
82263
82352
82427
82666
82787
82957
83069
83087
83103
83235
83237
83301
83387
83394
83424
83499
83664
83728
83800
83878
83922
84015
84227
84270
84361
84616
84621
84641
84728
84804
84820
84966
85110
85144
85337
85391
85408
85424
85583
85777
85916
86412
86415
86506
86729
86913
87067
87315
87329
87344
87392
87462
87505
87604
87728
87835
87935
88013
88062
88106
88107
88160
88183
88219
88377
88410
88927
89069
89089
89105
89144
89153
89193
89222
89381
89389
89425
89631
89656
89702
89831
89844
89908
90013
90024
90138
90188
90335
90417
90472
90494
90606
90770
90778
90826
91114
91201
91222
91305
91346
91729
91735
91780
91913
92065
92077
92081
92090
92471
92542
92644
92820
93021
93246
93475
93480
93513
93559
93661
93850
93851
93967
94040
94089
94106
94175
94200
94393
94855
94884
94927
95289
95520
95524
95598
95665
95737
95796
95824
95877
95896
96019
96182
96205
96212
96232
96238
96323
96369
96476
96617
96722
96881
97028
97063
97113
97124
97266
97300
97341
98045
98102
98147
98169
98208
98356
98376
98400
98444
98484
98627
98651
98663
98691
98833
98845
98907
98917
98961
99049
99060
99337
99534
99577
99659
99705
99717
99724
99786
99837
99902
99994
99995
99996
99997
99998
99999
100000